########################################
             Theovib output
########################################

A Library to Compute Infrared Properties
Written by L. J. Duarte
----------------------------------------

MOLECULE:	h2o

FOLDER:	h2o

Delta:	0.05  (displacement for numerical derivatives)

#################
 Input Geometry
#################

ATOMS:	O	H	H

CARTESIAN COORDINATES:
  0.000000	  0.000000	  0.004316
  0.000000	 -0.763369	 -0.580667
  0.000000	  0.763369	 -0.580667

wfn ENERGY (Hartress):	-76.466196533429
IQA ENERGY (Hartress):	-76.4662590152004

HESSIAN:
  0.000387	 -0.000114	  0.000400	 -0.001324	  0.000328	 -0.000158	 -0.001532	 -0.000196	 -0.000204
 -0.000114	  0.677201	 -0.000287	  0.000035	 -0.340959	 -0.263259	 -0.000211	 -0.340251	  0.263977
  0.000400	 -0.000287	  0.444648	 -0.000109	 -0.203891	 -0.220897	 -0.000025	  0.204219	 -0.220451
 -0.001324	  0.000035	 -0.000109	  0.000362	 -0.000096	  0.000309	 -0.000159	  0.000152	  0.000037
  0.000328	 -0.340959	 -0.203891	 -0.000096	  0.370175	  0.233626	 -0.000059	 -0.030960	 -0.029991
 -0.000158	 -0.263259	 -0.220897	  0.000309	  0.233626	  0.210707	 -0.000031	  0.029876	  0.012228
 -0.001532	 -0.000211	 -0.000025	 -0.000159	 -0.000059	 -0.000031	  0.000114	  0.000168	  0.000301
 -0.000196	 -0.340251	  0.204219	  0.000152	 -0.030960	  0.029876	  0.000168	  0.368351	 -0.233913
 -0.000204	  0.263977	 -0.220451	  0.000037	 -0.029991	  0.012228	  0.000301	 -0.233913	  0.209548

#################
  Normal modes  
#################

FREQUECIES [cm^{-1}]     :	   3913.48	   3811.40	   1587.51	    125.03
INTENSITIES [km mol^{-1}]:	     63.73	      4.08	     76.16	    165.88
L MATRICES:
 -0.000011	 -0.000016	  0.000292	  0.147297
  0.067912	 -0.001502	 -0.000210	 -0.004969
  0.000964	  0.048376	  0.067104	 -0.057021
 -0.000239	  0.000012	 -0.003107	 -0.727195
 -0.549587	 -0.562605	  0.411330	 -0.000876
 -0.420967	 -0.375868	 -0.546861	 -0.061771
  0.000111	  0.000042	 -0.002487	 -0.246887
 -0.524830	  0.585002	 -0.405149	  0.002953
  0.405253	 -0.393636	 -0.536908	 -0.046457

#################
      CCTDP   
#################

Charge tensor:
 -1.144010	  0.000000	  0.000000	  0.000000	  0.000000	  0.000000	  0.000000	  0.000000	  0.000000
  0.000000	 -1.144010	  0.000000	  0.000000	  0.000000	  0.000000	  0.000000	  0.000000	  0.000000
  0.000000	  0.000000	 -1.144010	  0.000000	  0.000000	  0.000000	  0.000000	  0.000000	  0.000000
  0.000000	  0.000000	  0.000000	  0.572003	  0.000000	  0.000000	  0.000000	  0.000000	  0.000000
  0.000000	  0.000000	  0.000000	  0.000000	  0.572003	  0.000000	  0.000000	  0.000000	  0.000000
  0.000000	  0.000000	  0.000000	  0.000000	  0.000000	  0.572003	  0.000000	  0.000000	  0.000000
  0.000000	  0.000000	  0.000000	  0.000000	  0.000000	  0.000000	  0.572005	  0.000000	  0.000000
  0.000000	  0.000000	  0.000000	  0.000000	  0.000000	  0.000000	  0.000000	  0.572005	  0.000000
  0.000000	  0.000000	  0.000000	  0.000000	  0.000000	  0.000000	  0.000000	  0.000000	  0.572005

Charge Transfer tensor:
  0.000000	  0.000000	  0.000000	  0.000000	  0.000000	  0.000000	  0.000000	  0.000000	  0.000000
 -0.000003	  0.768720	  0.000012	  0.000000	 -0.000000	 -0.000000	  0.000000	 -0.000000	  0.000000
 -0.000013	 -0.000013	  0.670016	  0.000000	 -0.000000	 -0.000000	  0.000000	  0.000000	 -0.000000
  0.000000	  0.000000	  0.000000	  0.000000	  0.000000	  0.000000	  0.000000	  0.000000	  0.000000
 -0.000000	  0.000000	  0.000000	  0.000004	 -0.385317	 -0.297231	  0.000000	 -0.000000	  0.000000
 -0.000000	 -0.000000	  0.000000	  0.000015	 -0.238644	 -0.335807	  0.000000	  0.000000	 -0.000000
  0.000000	  0.000000	  0.000000	  0.000000	  0.000000	  0.000000	  0.000000	  0.000000	  0.000000
 -0.000000	  0.000000	  0.000000	  0.000000	 -0.000000	 -0.000000	  0.000005	 -0.385340	  0.297221
 -0.000000	 -0.000000	  0.000000	  0.000000	 -0.000000	 -0.000000	  0.000007	  0.238656	 -0.335806

Dipolar Polarization tensor:
  0.485094	  0.000090	  0.000285	  0.000000	  0.000000	  0.000000	  0.000000	  0.000000	  0.000000
  0.000070	 -0.127354	 -0.000176	  0.000000	  0.000000	  0.000000	  0.000000	  0.000000	  0.000000
 -0.000069	  0.000167	  0.114750	  0.000000	  0.000000	  0.000000	  0.000000	  0.000000	  0.000000
  0.000000	  0.000000	  0.000000	 -0.242670	  0.000085	 -0.000168	  0.000000	  0.000000	  0.000000
  0.000000	  0.000000	  0.000000	  0.000018	  0.064375	  0.237557	  0.000000	  0.000000	  0.000000
  0.000000	  0.000000	  0.000000	 -0.000004	  0.163976	 -0.056487	  0.000000	  0.000000	  0.000000
  0.000000	  0.000000	  0.000000	  0.000000	  0.000000	  0.000000	 -0.242573	 -0.000172	 -0.000127
  0.000000	  0.000000	  0.000000	  0.000000	  0.000000	  0.000000	 -0.000025	  0.064747	 -0.237203
  0.000000	  0.000000	  0.000000	  0.000000	  0.000000	  0.000000	  0.000054	 -0.164181	 -0.056453

Atomic polar tensors:
 -0.658916	  0.000090	  0.000285	  0.000000	  0.000000	  0.000000	  0.000000	  0.000000	  0.000000
  0.000067	 -0.502643	 -0.000164	  0.000000	  0.000000	  0.000000	  0.000000	  0.000000	  0.000000
 -0.000082	  0.000154	 -0.359244	  0.000000	  0.000000	  0.000000	  0.000000	  0.000000	  0.000000
  0.000000	  0.000000	  0.000000	  0.329332	  0.000085	 -0.000168	  0.000000	  0.000000	  0.000000
  0.000000	  0.000000	  0.000000	  0.000022	  0.251061	 -0.059674	  0.000000	  0.000000	  0.000000
  0.000000	  0.000000	  0.000000	  0.000011	 -0.074667	  0.179710	  0.000000	  0.000000	  0.000000
  0.000000	  0.000000	  0.000000	  0.000000	  0.000000	  0.000000	  0.329432	 -0.000172	 -0.000127
  0.000000	  0.000000	  0.000000	  0.000000	  0.000000	  0.000000	 -0.000020	  0.251412	  0.060018
  0.000000	  0.000000	  0.000000	  0.000000	  0.000000	  0.000000	  0.000060	  0.074475	  0.179745

#################
      IQA   
#################


FREQUENCY PARTITIONING

   3913.48
E_intra(O1)	E_intra(H2)	E_intra(H3)	V_cl(O1,H2)	V_cl(O1,H3)	V_cl(H2,H3)	V_xc(O1,H2)	V_xc(O1,H3)	V_xc(H2,H3)
  0.197139	  0.016854	  0.016215	  0.231103	  0.220398	 -0.106795	  0.001791	  0.001960	  0.000921

   3811.40
E_intra(O1)	E_intra(H2)	E_intra(H3)	V_cl(O1,H2)	V_cl(O1,H3)	V_cl(H2,H3)	V_xc(O1,H2)	V_xc(O1,H3)	V_xc(H2,H3)
  0.377335	 -0.001641	 -0.001164	  0.034471	  0.045353	  0.108415	 -0.005861	 -0.006317	 -0.000847

   1587.51
E_intra(O1)	E_intra(H2)	E_intra(H3)	V_cl(O1,H2)	V_cl(O1,H3)	V_cl(H2,H3)	V_xc(O1,H2)	V_xc(O1,H3)	V_xc(H2,H3)
 -0.032282	  0.020816	  0.022101	  0.013422	  0.010915	 -0.003537	  0.034123	  0.034390	 -0.004575

    125.03
E_intra(O1)	E_intra(H2)	E_intra(H3)	V_cl(O1,H2)	V_cl(O1,H3)	V_cl(H2,H3)	V_xc(O1,H2)	V_xc(O1,H3)	V_xc(H2,H3)
 -0.123636	 -0.065696	 -0.022881	  0.200106	  0.107401	 -0.055268	 -0.025362	 -0.013672	 -0.000400

INTERNAL COORDINATES

Wilson B Matrix:
BOND [1, 2]
BOND [1, 3]
ANGLE [2, 1, 3]

  0.000000	  0.793740	  0.608257	 -0.000000	 -0.793740	 -0.608257	  0.000000	  0.000000	  0.000000
  0.000000	 -0.793740	  0.608257	  0.000000	  0.000000	  0.000000	 -0.000000	  0.793740	 -0.608257
 -0.000000	 -0.000000	 -1.650639	  0.000000	 -0.632457	  0.825320	 -0.000000	  0.632457	  0.825320

Internal Hessian:
  8.355897	 -0.080544	  0.251382
 -0.080544	  8.340403	  0.245899
  0.251382	  0.245899	  0.653737

IQA Forces:

00
E_intra(O1)	E_intra(H2)	E_intra(H3)	V_cl(O1,H2)	V_cl(O1,H3)	V_cl(H2,H3)	V_xc(O1,H2)	V_xc(O1,H3)	V_xc(H2,H3)
  4.261212	  0.208343	 -0.019247	  3.815796	  0.110411	  0.057278	 -0.071676	 -0.006781	  0.000561

01
E_intra(O1)	E_intra(H2)	E_intra(H3)	V_cl(O1,H2)	V_cl(O1,H3)	V_cl(H2,H3)	V_xc(O1,H2)	V_xc(O1,H3)	V_xc(H2,H3)
  1.435859	 -0.107055	 -0.107126	 -1.389452	 -1.389353	  1.572904	 -0.041435	 -0.041938	 -0.012949

02
E_intra(O1)	E_intra(H2)	E_intra(H3)	V_cl(O1,H2)	V_cl(O1,H3)	V_cl(H2,H3)	V_xc(O1,H2)	V_xc(O1,H3)	V_xc(H2,H3)
 -0.154889	  0.060002	 -0.212669	  0.128876	  0.379653	  0.308852	 -0.052152	 -0.207428	  0.001137

10
E_intra(O1)	E_intra(H2)	E_intra(H3)	V_cl(O1,H2)	V_cl(O1,H3)	V_cl(H2,H3)	V_xc(O1,H2)	V_xc(O1,H3)	V_xc(H2,H3)
  1.435859	 -0.107055	 -0.107126	 -1.389452	 -1.389353	  1.572904	 -0.041435	 -0.041938	 -0.012949

11
E_intra(O1)	E_intra(H2)	E_intra(H3)	V_cl(O1,H2)	V_cl(O1,H3)	V_cl(H2,H3)	V_xc(O1,H2)	V_xc(O1,H3)	V_xc(H2,H3)
  4.252867	 -0.018799	  0.207270	  0.107790	  3.814174	  0.057035	 -0.006074	 -0.074413	  0.000553

12
E_intra(O1)	E_intra(H2)	E_intra(H3)	V_cl(O1,H2)	V_cl(O1,H3)	V_cl(H2,H3)	V_xc(O1,H2)	V_xc(O1,H3)	V_xc(H2,H3)
 -0.157782	 -0.212502	  0.059416	  0.378956	  0.128640	  0.308606	 -0.207300	 -0.053268	  0.001134

20
E_intra(O1)	E_intra(H2)	E_intra(H3)	V_cl(O1,H2)	V_cl(O1,H3)	V_cl(H2,H3)	V_xc(O1,H2)	V_xc(O1,H3)	V_xc(H2,H3)
 -0.154889	  0.060002	 -0.212669	  0.128876	  0.379653	  0.308852	 -0.052152	 -0.207428	  0.001137

21
E_intra(O1)	E_intra(H2)	E_intra(H3)	V_cl(O1,H2)	V_cl(O1,H3)	V_cl(H2,H3)	V_xc(O1,H2)	V_xc(O1,H3)	V_xc(H2,H3)
 -0.157782	 -0.212502	  0.059416	  0.378956	  0.128640	  0.308606	 -0.207300	 -0.053268	  0.001134

22
E_intra(O1)	E_intra(H2)	E_intra(H3)	V_cl(O1,H2)	V_cl(O1,H3)	V_cl(H2,H3)	V_xc(O1,H2)	V_xc(O1,H3)	V_xc(H2,H3)
 -0.232352	  0.141780	  0.141380	  0.084849	  0.085676	  0.021087	  0.221379	  0.220535	 -0.030597

RMSE is: 0.168818 kJ/mol
MAE is: 0.167723 kJ/mol
